Generating test case 111
50000 49998 99998
switch 7312 unaccessible_projectors [709, 1690, 1777, 1996, 2068, 2825, 3415, 4446, 4823, 4910, 6810, 7110, 8865, 9150, 9534, 10021, 11544, 11657, 11938, 12084, 12170, 12598, 13309, 13478, 13762, 14159, 14168, 14326, 14621, 15065, 15180, 15573, 17759, 18286, 18305, 19241, 19656, 20143, 20315, 21147, 23609, 24156, 24358, 25617, 26384, 26505, 27286, 29161, 29367, 30764, 31433, 31563, 31724, 33565, 33740, 34118, 37047, 37301, 39710, 40360, 40590, 42882, 43513, 43587, 43760, 43926, 45787, 45861, 46039, 46048, 46168, 46785, 47656, 47870, 48286, 49090, 49515, 49861, 49924]
Generating test case 112
50000 49998 99998
switch 43237 unaccessible_projectors [11126, 29214]
Generating test case 113
50000 49998 99998
switch 49263 unaccessible_projectors [4132, 5735, 12431, 12958, 14492, 21540, 23197, 23649, 26039, 27458, 27649, 28651, 29239, 31090, 31305, 35096, 35281, 35857, 40231, 42565, 43095, 44486, 44997, 46010, 47542]
Generating test case 114
50000 49998 99998

120
switch 31432 unaccessible_projectors [22987, 33005]