Generating test case 40
469 467 936
switch 226 unaccessible_projectors [180, 324]
Generating test case 41
303 301 604
switch 71 unaccessible_projectors [0, 18, 19, 31, 47, 75, 96, 113, 120, 185, 198, 230, 255, 269, 295]
Generating test case 42
453 451 904
switch 259 unaccessible_projectors [91, 134, 209, 247, 351, 354, 386, 420]
Generating test case 43
396 394 790
switch 250 unaccessible_projectors [0, 1, 2, 3, 4, 5, 6, 7, 8, 9, 10, 11, 12, 13, 14, 15, 16, 17, 18, 19, 20, 21, 22, 23, 24, 25, 26, 27, 28, 29, 30, 31, 32, 33, 34, 35, 36, 37, 38, 39, 40, 42, 43, 44, 45, 46, 47, 48, 49, 50, 51, 52, 53, 54, 55, 56, 57, 58, 59, 60, 61, 62, 63, 64, 65, 66, 67, 68, 69, 70, 71, 72, 73, 74, 75, 76, 77, 78, 79, 80, 81, 82, 83, 84, 85, 86, 88, 89, 90, 91, 92, 93, 94, 95, 96, 97, 98, 99, 100, 101, 102, 103, 104, 105, 106, 107, 108, 109, 110, 111, 112, 113, 114, 115, 116, 117, 118, 119, 120, 121, 122, 123, 124, 125, 126, 127, 128, 129, 130, 131, 132, 133, 134, 135, 136, 137, 138, 139, 140, 141, 142, 143, 144, 145, 146, 147, 148, 149, 150, 151, 152, 153, 154, 155, 156, 157, 158, 159, 160, 161, 162, 163, 164, 165, 166, 167, 168, 169, 170, 171, 172, 173, 174, 175, 176, 177, 178, 179, 180, 181, 182, 183, 184, 185, 186, 187, 188, 189, 190, 191, 192, 193, 194, 195, 196, 197, 198, 199, 200, 201, 202, 203, 204, 205, 206, 207, 208, 209, 210, 211, 212, 213, 214, 215, 216, 217, 218, 219, 220, 221, 222, 223, 224, 225, 226, 227, 228, 229, 230, 231, 232, 233, 234, 235, 236, 237, 238, 239, 240, 241, 242, 243, 244, 245, 246, 247, 248, 249, 250, 251, 252, 253, 254, 255, 256, 257, 258, 259, 260, 261, 262, 263, 264, 265, 266, 267, 268, 269, 270, 271, 272, 273, 274, 275, 276, 277, 278, 279, 280, 281, 282, 283, 284, 285, 286, 287, 288, 289, 290, 291, 292, 293, 294, 295, 296, 297, 298, 299, 300, 301, 302, 303, 304, 305, 306, 307, 308, 309, 310, 311, 312, 313, 314, 315, 316, 317, 318, 319, 320, 321, 322, 323, 324, 325, 326, 327, 328, 329, 330, 331, 332, 333, 334, 335, 336, 337, 338, 339, 340, 341, 342, 343, 344, 345, 346, 347, 348, 349, 350, 351, 352, 353, 354, 355, 356, 357, 358, 359, 360, 361, 362, 363, 364, 365, 366, 367, 368, 369, 370, 371, 372, 373, 374, 375, 376, 377, 378, 379, 380, 381, 382, 383, 384, 385, 386, 387, 388, 389, 390, 391, 392, 393, 394, 395]
Generating test case 44
278 276 554
switch 257 unaccessible_projectors [103, 117, 128, 232]
Generating test case 45
185 183 368
switch 88 unaccessible_projectors [0, 1, 2, 3, 4, 5, 6, 7, 8, 9, 11, 12, 13, 14, 15, 16, 17, 18, 19, 21, 22, 23, 24, 25, 26, 27, 28, 29, 34, 35, 36, 37, 38, 41, 44, 45, 46, 47, 48, 49, 50, 51, 52, 53, 54, 55, 56, 57, 58, 59, 60, 61, 62, 63, 64, 65, 67, 68, 69, 70, 71, 72, 73, 75, 77, 79, 80, 81, 82, 83, 84, 85, 86, 87, 88, 89, 90, 91, 92, 93, 94, 95, 96, 97, 99, 100, 101, 102, 103, 104, 110, 111, 112, 113, 115, 117, 118, 120, 121, 122, 123, 124, 125, 126, 127, 128, 129, 131, 132, 133, 134, 135, 137, 139, 140, 141, 142, 144, 146, 147, 148, 149, 151, 152, 153, 154, 155, 156, 157, 158, 159, 161, 162, 165, 166, 167, 169, 170, 171, 172, 173, 174, 175, 176, 177, 178, 179, 180, 181, 182, 183]
Generating test case 46
185 183 368
switch 179 unaccessible_projectors [2, 40, 71, 95, 113, 151]
Generating test case 47
392 390 782
switch 182 unaccessible_projectors [265, 329, 371]
Generating test case 48
387 385 772
switch 276 unaccessible_projectors [10, 16, 27, 31, 33, 40, 43, 44, 70, 78, 80, 84, 89, 106, 109, 125, 136, 137, 161, 165, 169, 178, 182, 183, 192, 196, 201, 203, 205, 215, 227, 246, 249, 254, 256, 272, 273, 277, 280, 282, 285, 294, 295, 302, 305, 316, 319, 320, 325, 332, 337, 339, 343, 350, 357, 358, 361, 366, 367, 377]
Generating test case 49
340 338 678
switch 120 unaccessible_projectors [0, 1, 2, 3, 4, 5, 8, 9, 11, 12, 18, 19, 20, 21, 22, 23, 24, 25, 27, 28, 29, 30, 31, 32, 33, 34, 36, 39, 40, 41, 42, 43, 44, 45, 46, 47, 48, 49, 52, 53, 54, 57, 58, 61, 62, 63, 64, 65, 69, 70, 71, 73, 74, 75, 76, 77, 79, 80, 81, 82, 83, 84, 85, 87, 89, 91, 92, 93, 95, 97, 98, 100, 101, 102, 103, 104, 105, 108, 109, 110, 111, 112, 113, 117, 119, 121, 122, 123, 124, 125, 126, 128, 129, 130, 131, 132, 133, 135, 136, 138, 139, 140, 141, 143, 144, 145, 146, 147, 148, 150, 151, 152, 154, 155, 156, 157, 158, 159, 160, 164, 165, 166, 167, 168, 171, 172, 173, 174, 175, 176, 179, 181, 184, 185, 186, 187, 189, 190, 191, 192, 195, 196, 197, 198, 201, 203, 204, 205, 208, 209, 210, 211, 212, 213, 214, 216, 217, 218, 219, 220, 221, 223, 224, 225, 226, 227, 228, 230, 233, 234, 235, 236, 238, 239, 240, 242, 243, 244, 245, 246, 247, 248, 249, 250, 251, 252, 254, 256, 257, 258, 260, 264, 265, 266, 267, 269, 270, 271, 272, 273, 274, 275, 278, 279, 280, 281, 282, 283, 284, 285, 287, 288, 289, 290, 291, 293, 295, 296, 297, 298, 299, 300, 302, 303, 304, 306, 307, 308, 309, 312, 313, 314, 316, 317, 318, 319, 320, 321, 322, 324, 325, 329, 330, 334, 335, 336, 337, 338, 339]
Generating test case 50
201 199 400
switch 133 unaccessible_projectors [66, 130]
Generating test case 51
29 27 56
switch 4 unaccessible_projectors [1, 11, 14]
Generating test case 52
376 374 750
switch 80 unaccessible_projectors [0, 1, 2, 6, 12, 16, 20, 22, 25, 28, 37, 39, 44, 56, 69, 75, 80, 87, 94, 101, 107, 112, 121, 124, 129, 132, 133, 139, 158, 161, 164, 166, 167, 169, 179, 182, 185, 188, 192, 193, 195, 206, 213, 215, 219, 223, 225, 227, 229, 230, 235, 241, 245, 247, 248, 265, 278, 281, 284, 311, 324, 327, 335, 336, 337, 340, 345, 349, 360, 366, 367, 368, 369]
Generating test case 53
122 120 242
switch 84 unaccessible_projectors [0, 1, 2, 3, 5, 6, 7, 8, 9, 10, 12, 14, 16, 17, 18, 19, 20, 21, 22, 23, 24, 25, 27, 28, 30, 31, 32, 33, 34, 35, 36, 37, 38, 39, 40, 41, 42, 43, 44, 45, 46, 48, 49, 50, 51, 53, 54, 55, 56, 57, 58, 59, 60, 61, 62, 63, 64, 65, 66, 67, 69, 70, 71, 72, 73, 74, 75, 76, 77, 78, 79, 80, 82, 83, 84, 85, 86, 87, 88, 89, 90, 92, 93, 94, 95, 99, 100, 101, 102, 103, 104, 105, 106, 107, 108, 109, 110, 111, 112, 113, 114, 115, 116, 117, 118, 120, 121]
Generating test case 54
334 332 666
switch 123 unaccessible_projectors [21, 56]
Generating test case 55
287 285 572
switch 92 unaccessible_projectors [26, 62, 73, 102, 109, 158, 216, 223, 244, 249, 268, 271, 277, 283]
Generating test case 56
247 245 492
switch 133 unaccessible_projectors [74, 88, 130]
Generating test case 57
129 127 256
switch 23 unaccessible_projectors [4, 7, 46, 56, 62, 64, 68, 70, 105, 111, 118]
Generating test case 58
345 343 688
switch 208 unaccessible_projectors [4, 42, 56, 92, 114, 119, 131, 133, 141, 145, 149, 151, 154, 180, 186, 233, 234, 270, 285, 298, 301, 334, 340]
Generating test case 59
479 477 956
switch 172 unaccessible_projectors [37, 347]
Generating test case 60
43 41 84
switch 33 unaccessible_projectors [18, 21, 41]
Generating test case 61
326 324 650
switch 134 unaccessible_projectors [23, 133, 168, 260, 317]
Generating test case 62
437 435 872
switch 154 unaccessible_projectors [196, 206]
Generating test case 63
94 92 186
switch 32 unaccessible_projectors [33, 78]
Generating test case 64
100 98 198
switch 93 unaccessible_projectors [0, 2, 9, 13, 14, 28, 31, 33, 35, 39, 40, 42, 46, 48, 49, 50, 51, 52, 55, 59, 62, 63, 65, 66, 69, 81, 83, 85, 87, 89, 90, 95, 96, 98]
Generating test case 65
315 313 628
switch 240 unaccessible_projectors [61, 82]
Generating test case 66
450 448 898
switch 33 unaccessible_projectors [149, 302]
Generating test case 67
251 249 500
switch 135 unaccessible_projectors [69, 108]
Generating test case 68
307 305 612
switch 296 unaccessible_projectors [2, 56, 58, 83, 90, 94, 96, 108, 110, 129, 137, 140, 141, 146, 152, 155, 215, 249, 254, 262, 281, 282]
Generating test case 69
221 219 440
switch 170 unaccessible_projectors [1, 3, 4, 5, 6, 8, 9, 10, 11, 12, 13, 14, 16, 18, 19, 20, 21, 22, 23, 24, 25, 26, 27, 28, 29, 31, 32, 33, 34, 35, 36, 37, 38, 40, 42, 43, 44, 45, 47, 48, 49, 50, 51, 53, 54, 57, 58, 60, 61, 62, 63, 64, 65, 66, 67, 68, 70, 73, 74, 75, 76, 78, 79, 80, 82, 83, 84, 85, 86, 87, 88, 92, 93, 94, 95, 96, 97, 98, 99, 100, 101, 102, 103, 104, 105, 106, 109, 110, 111, 112, 113, 114, 115, 116, 117, 118, 119, 120, 122, 123, 124, 125, 126, 127, 128, 129, 130, 131, 132, 133, 134, 135, 136, 137, 138, 139, 140, 141, 142, 143, 144, 145, 147, 148, 149, 151, 152, 153, 154, 156, 157, 158, 159, 160, 162, 163, 164, 165, 166, 167, 168, 172, 173, 174, 175, 176, 177, 178, 179, 180, 181, 182, 183, 184, 185, 186, 188, 189, 190, 191, 192, 193, 194, 195, 196, 197, 198, 199, 200, 201, 202, 203, 204, 206, 207, 208, 211, 212, 214, 215, 217, 218, 219, 220]
